cell_idx,neighbor_idx,dist_km
0,4,0.6594
0,5,2.4171
0,6,1.7505
0,8,1.4614
1,2,2.1681
1,3,1.8158
1,6,2.4319
1,7,1.5195
1,9,1.7985
2,1,2.1681
2,7,1.3745
2,9,2.2416
3,1,1.8158
3,6,0.7858
3,8,2.2549
4,0,0.6594
4,5,1.7606
4,6,2.1943
4,8,2.117
5,0,2.4171
5,4,1.7606
6,0,1.7505
6,1,2.4319
6,3,0.7858
6,4,2.1943
6,8,1.6885
7,1,1.5195
7,2,1.3745
7,9,0.8757
8,0,1.4614
8,3,2.2549
8,4,2.117
8,6,1.6885
9,1,1.7985
9,2,2.2416
9,7,0.8757
